2010(1) 1.0 = {1, 0, 1, 1, 1.5, 0, 4, 0, 0, 1, 1, 4}
2010(1) 2.0 = {-1.3, -12, 2, 10.6, 12, 7, 13.4, 6.8, -9.5, 15.5, -12.1, 13.5}
2010(3) = {-16, -18, 3, 21, 6, -3.8, 16, 5, 3, 7, -6, 8, 15, -11, 13, 9.9, 3.9, 1, 6}
2011(1) 1.0 = {1, 0, 5, 2, 1, 0, 6, 1, 1, 1, 3, 10}
2011(1) 2.0 = {-0.82, 1.88, 3.9, 5.7, -3.3, -1.8, 4.6, 1, -2.1, 0.03, 3.9, 2.8}
2011(3) = {-0.1, -0.9, 1.1, 1.3, 1.2, -1.3, -0.4, -2.7, -3.4, 0.6, 3.7, 1, 1, 4.8, -3.8, 0.4, 0.4, -2.8, 0.6}
2012(1) 1.0 = {4.25, 0, 1, 2, 1, 0, 0, 0, 2, 3, 0, 0}
2012(1) 2.0 = {-1.4356, 1.175, -0.3186, -2.0694, -0.8082, 5.1496, -8.0884, 3.13, 6.152, 10.0601, 3.538, -7.1744}
2012(2) = {7.3, -7, -7.3, 4, -4, 11, 1.9, 8.2, 11.8, 37.2, 8, -2.5, 16.9, 33, 23, 16, -1, -7, -16.5, 6.7}
2012(3) = {-16, -2, -24.7, -3, 1.34, 1, -39, 28, 36, 65, 39.4, -30.8, -21, 0.01, 24, -0.05, -22, 8, -9}
2013(1) = {1.602, -1.486, -0.0437, -1.5708, 2.4437, 2.2707, 5.9, 3.0189, 1.213, 10.92, 0.9288, 1.0215}
2013(3) = {-6, 30, 27, 40, 3.2, 3, 42, 11, 6, 3.3, -14, 115, -25, 6, 45, 4, -10, 73, 37}
2014(1) = {4.3, 2.5, -1.2, 2.76, -0.92, -3.5, 1.88, -1.71, 3.2, 4.3, 0.09, -1.6}
2014(3) = {8, 7.4, 3, 25, 5, -13, 11, 7, 2.3, 12.2, -8, 0.9, 11, -14, 0.9, 2, 3, -5.4, 0.5}
2015(1) = {9.7, -10.46, -8.18, 10.91, -4.68, 7.3, 8.5, -2.17, -8, 14.3, 10.2, -13.93}
2015(3) = {16.1, -8.7, -4.7, 27, -12.8, -10.3, 9, -18.6, -33.2, 16, 26.9, -22, -23, -10, 1.7, 16, 2.2, 10.1, 34}
2016(1) = {1.2, -3.4, -3, -4, 2.7, 3.9, 4, 4.5, 1.7, 3.4, -2.1, 2.9}
2016(3) = {16, -14.4, -21, 10, 0.0339, -36, -27.3, 44, 19, 52, -10, -9.6, 48.2, 5.5, -19, -17, 19, 34, 24.1}
Everything(1) = {1, 1, 1, 1, 1, 1, 1, 1, 1, 1, 1, 1}
Everything(2) = {1, 1, 1, 1, 1, 1, 1, 1, 1, 1, 1, 1, 1, 1, 1, 1, 1, 1, 1, 1}
Everything(3) = {1, 1, 1, 1, 1, 1, 1, 1, 1, 1, 1, 1, 1, 1, 1, 1, 1, 1, 1}