0.50825 -0.40020 1.05451 1.08185 1.65993 0.52892 0.82630 -0.03029 2.36950 2.00000 4.00000 1.00000 0.52339 0.53598 0.63269 0.01866 -0.90047 0.96384 0.46705 15.00000  
-2.01171 -2.12119 0.67300 0.60756 0.59385 -1.66625 -1.87827 0.05909 -0.03871 0.00000 0.00000 0.00000 -1.68891 -1.17397 -1.58060 -1.92604 -0.68304 -2.05863 -0.87707 0.00000  
-0.15272 -1.03622 0.01899 -0.64284 -1.41289 -0.97022 -0.80096 -0.03029 1.12655 2.00000 0.00000 0.00000 -0.99362 -1.38771 -0.69528 -0.43510 -1.19038 -1.20856 -0.51864 1.00000  
-0.15272 -0.96140 0.45500 0.26262 0.46843 0.63600 -1.03450 -0.93221 1.03160 2.00000 0.00000 0.00000 -0.64597 -0.37243 0.04248 -0.30546 -0.61056 -0.21681 -1.32511 0.00000  
-1.84646 -1.59741 3.18004 0.47821 1.03282 0.42183 -1.01190 3.52865 -1.11766 2.00000 0.00000 0.00000 -1.43608 0.21536 -1.58060 -1.66675 0.04173 -0.35849 2.43843 3.00000  
-0.89632 -0.77433 1.05451 1.16808 1.91077 -0.27419 0.32908 0.83914 -0.09050 0.00000 0.00000 0.00000 0.52339 0.26880 -0.40018 -1.01851 -0.46561 -0.07513 1.00470 0.00000  
-0.77239 0.42288 -0.96202 -0.25478 1.53451 -1.50562 -0.23594 -1.41973 0.06487 2.00000 0.00000 0.00000 1.62953 -1.33428 0.63269 -0.27304 0.47659 -1.30301 -1.50433 1.00000  
0.09514 0.64735 0.40050 0.86626 -0.84849 -0.32773 -0.60509 -0.48531 0.53960 0.00000 0.00000 0.00000 -0.86720 -0.10525 -0.25263 0.14831 0.11421 -0.68907 -0.78747 0.00000  
-0.73107 -0.10090 0.67300 0.43509 0.28030 -1.18438 0.25375 -0.17654 -1.03134 2.00000 0.00000 0.00000 -0.80399 -0.37243 -0.69528 -0.85646 -0.61056 -0.83075 -0.07060 1.00000  
-0.85501 -0.81174 0.78200 1.72860 -0.22139 -0.27419 -0.76329 -2.30541 3.23266 2.00000 1.00000 0.00000 0.61820 -0.74648 -0.84284 -0.75922 -0.32066 -0.68907 -2.40041 0.00000  
2.20199 1.17113 -1.45253 -1.24648 0.09217 0.74308 1.76047 0.22973 -0.49619 2.00000 0.00000 1.00000 1.09226 1.49782 2.10821 2.22266 1.20136 2.00282 1.45274 7.00000  
1.21053 1.02148 -1.39803 -1.11712 0.09217 0.31475 -1.52419 -1.03784 -0.29766 0.00000 0.00000 0.00000 0.61820 -0.58618 1.37045 0.92619 -0.53809 -0.68907 -1.59394 0.00000  
-0.44190 0.04875 0.50950 -0.03920 -0.72307 0.10059 1.73787 0.35161 -0.28040 0.00000 0.00000 0.00000 -0.55116 -0.26556 -0.54773 -0.24063 0.25916 1.38888 1.63195 3.00000  
0.38432 1.58267 0.56400 0.13327 -0.72307 0.15413 0.17841 -1.24910 -0.82419 2.00000 0.00000 0.00000 0.30216 1.17721 0.19003 0.92619 1.92613 0.16100 -1.14590 0.00000  
-0.68976 0.53512 0.45500 0.95250 1.34638 -0.22065 -0.80850 -0.05466 0.77266 2.00000 1.00000 0.00000 0.46018 -0.42587 -0.10508 -0.79163 -0.61056 -0.68907 -0.51864 1.00000  
0.38432 0.27323 0.83651 -0.08231 0.65656 -0.86314 -1.65226 -0.21717 -0.40124 0.00000 0.00000 0.00000 -0.36153 -0.58618 0.48513 -0.14340 -1.33533 -1.49192 -0.96668 0.00000  
0.96267 -0.13831 -0.79852 -0.85842 -0.34681 -0.54190 3.24460 -1.67975 -0.54797 2.00000 1.00000 1.00000 1.81916 0.16193 0.78024 0.92619 0.25916 2.47508 0.37744 31.00000  
-0.73107 -0.17573 1.27251 1.77172 0.71927 -1.23792 -0.14554 0.35161 -0.69471 0.00000 0.00000 0.00000 -0.55116 -0.26556 -0.25263 -0.59716 0.04173 -1.06688 0.19822 0.00000  
0.17776 -0.02608 -0.19901 0.30574 -1.09934 0.26121 -0.05513 -0.69657 0.15981 2.00000 0.00000 0.00000 1.72435 1.39095 -0.69528 0.14831 0.47659 0.11377 -0.69786 1.00000  
-0.73107 -0.40020 -1.07102 -1.37583 -0.03326 -1.18438 -0.40921 1.05852 0.77266 2.00000 0.00000 0.00000 0.64980 -1.17397 -0.10508 -0.33787 0.25916 -1.20856 0.64626 0.00000  
-0.40059 -0.40020 1.10901 0.04704 1.03282 1.27848 -0.01746 0.94477 0.53960 2.00000 1.00000 0.00000 0.58659 1.28408 -0.54773 -0.49993 0.04173 0.91662 0.82548 1.00000  
0.05383 0.57253 -1.01652 -1.41894 -0.78578 -0.16711 0.60783 -0.03029 -1.38524 0.00000 0.00000 0.00000 -0.51955 -0.79992 0.04248 0.08348 -0.24818 0.16100 0.28783 0.00000  
0.75611 -0.58727 1.59952 2.28913 0.02945 2.13513 -0.73316 0.05097 0.22887 2.00000 0.00000 0.00000 -0.17191 2.19249 -0.54773 -0.11099 -1.33533 1.01107 -0.42903 3.00000  
-0.89632 -0.28797 -0.25351 -0.55660 -0.22139 -0.43481 -0.05513 0.35161 0.39287 0.00000 0.00000 0.00000 0.23895 -1.38771 -0.84284 -1.11575 -1.26285 -0.40572 0.28783 0.00000  
0.67349 -0.43762 -0.52602 -0.38413 0.21759 1.43910 -0.28114 -0.41218 -1.10903 2.00000 0.00000 0.00000 0.61820 0.53598 0.48513 0.40760 -0.24818 0.82216 -0.60825 3.00000  
-1.26811 -0.84916 0.78200 0.82314 1.28367 -0.48835 0.28388 -0.00591 -0.38397 2.00000 0.00000 0.00000 2.29322 -0.21212 -0.69528 -1.14816 -0.10322 -0.26404 0.10862 0.00000  
-0.93763 0.60994 2.03552 1.51302 -0.28410 0.47538 -0.60509 1.06665 -0.14229 2.00000 0.00000 0.00000 -1.12004 -0.47930 -0.84284 -0.69440 0.18668 -0.07513 0.55666 0.00000  
0.96267 -1.11105 -0.85302 -1.24648 0.28030 -0.06003 0.78863 2.02545 0.06487 0.00000 1.00000 0.00000 0.68141 0.48254 0.48513 0.27796 -1.26285 0.44436 2.52804 1.00000  
-1.51598 -0.69951 0.72750 -0.12543 -0.15868 -0.59544 0.81877 2.48860 0.15118 1.50000 0.00000 0.75000 -1.56249 -0.05182 -1.28549 -0.95369 1.05641 0.01932 3.06568 0.00000  
1.21053 0.42288 0.18250 0.04704 -0.84849 0.90370 0.31402 0.96914 0.82445 2.00000 1.00000 0.00000 -0.86720 1.49782 0.33758 0.89378 0.11421 0.82216 1.09431 1.00000  
1.33446 -0.02608 -0.09001 0.65068 1.97348 0.26121 0.38182 0.47349 -0.47029 2.00000 1.00000 0.00000 -0.20351 0.91003 1.37045 0.60207 -1.11790 0.39713 0.64626 7.00000  
-0.52452 -1.52259 0.23700 -0.51349 0.84469 -1.50562 -1.03450 -0.36343 -0.87597 0.00000 0.00000 0.00000 -1.37287 -0.85335 -0.10508 -0.75922 -0.97295 -1.68082 -0.87707 0.00000  
0.54956 1.05890 -0.36251 -0.55660 1.09553 1.17140 0.65303 0.96914 -0.09050 2.00000 0.00000 1.00000 0.68141 0.16193 1.51800 1.15307 1.70870 1.34165 1.36313 1.00000  
1.29315 1.95680 -1.34353 -2.02258 -1.16205 1.01078 0.56263 -0.81845 -1.35934 0.00000 0.00000 0.00000 1.91397 0.85659 0.78024 1.44478 0.98393 1.10552 -0.51864 0.00000  
-0.81370 0.01134 0.61850 0.90938 -0.47223 -1.13084 0.90164 -2.13477 1.00571 2.00000 0.00000 0.00000 -0.70918 -0.10525 -0.99039 -0.69440 -0.03075 -0.40572 -1.68355 3.00000  
-0.02879 -0.81174 0.61850 1.51302 -0.72307 1.06432 -2.19468 0.60350 1.77392 2.00000 0.00000 0.00000 -0.51955 1.12377 -0.99039 -0.40269 -0.61056 -0.54739 -0.60825 0.00000  
1.08660 1.35820 -2.05204 -2.10882 -0.84849 -0.97022 0.93177 -0.53406 -1.42840 0.00000 0.00000 0.00000 0.64980 -1.44115 1.66555 1.44478 0.47659 -0.21681 0.01901 1.00000  
0.21907 -1.41035 -2.59705 -2.41064 -1.09934 0.31475 0.40442 -0.84283 -1.05724 -0.50000 0.00000 0.00000 0.04932 -1.92207 0.33758 0.24554 -0.53809 0.44436 -0.60825 0.00000  
-1.14418 -2.12119 1.05451 1.08185 -0.15868 -1.07730 -0.07020 1.39166 1.17834 2.00000 1.00000 0.00000 -1.43608 -0.26556 -1.43305 -1.27781 -0.68304 -0.92520 1.18391 7.00000  
0.17776 1.09631 -0.68952 -0.12543 -2.29084 0.26121 0.10307 -0.70470 0.77266 0.00000 0.00000 0.00000 -0.70918 0.10849 -0.84284 0.08348 -0.17570 0.20822 -0.69786 0.00000  
-0.60714 -1.89672 0.61850 0.13327 0.97011 0.20767 -0.10033 0.49787 0.46192 2.00000 1.00000 0.00000 0.14413 -0.26556 -0.54773 -1.01851 -1.26285 0.01932 0.37744 0.00000  
0.26038 -0.32538 -1.94304 -1.80700 0.90740 0.04705 0.17841 0.30286 -1.36797 1.50000 0.00000 0.00000 -0.74078 -1.22741 1.22290 0.37519 -0.10322 0.06655 0.37744 1.00000  
-0.85501 -0.66209 0.01899 1.03873 -0.47223 -0.64898 -0.31128 0.25410 0.77266 2.00000 0.00000 0.00000 0.93424 0.32223 -1.13794 -0.75922 0.11421 -0.73630 0.01901 3.00000  
-0.68976 -0.02608 -0.52602 -0.90154 0.21759 -1.77333 0.02020 -0.76157 -2.16208 0.00000 0.00000 0.00000 1.75595 -1.54802 0.04248 -0.53234 -0.32066 -1.39746 -0.78747 0.00000  
0.59087 0.94666 0.29150 0.86626 -2.16542 1.81389 0.07294 -1.03784 0.36697 2.00000 0.00000 0.00000 -2.28939 0.80316 -0.40018 0.66690 0.62154 1.34165 -0.96668 15.00000  
-0.89632 -0.62468 -0.03551 0.99561 1.47180 -0.59544 -0.77836 -0.78595 0.45329 2.00000 0.00000 0.00000 -0.51955 -1.17397 0.04248 -0.92128 -0.75552 -0.92520 -1.14590 0.00000  
0.26038 0.01134 -0.36251 0.21951 -1.35018 -0.43481 1.67007 -0.81845 0.12529 2.00000 0.00000 0.00000 0.55499 -0.63961 -0.54773 -0.17581 -1.11790 0.82216 0.19822 1.00000  
0.79742 0.79701 -0.85302 -1.03089 -1.47560 0.90370 -1.50912 -0.15217 -1.84271 0.00000 0.00000 0.00000 -0.45635 0.53598 0.78024 1.63925 2.43347 -0.31126 -0.87707 0.00000  
1.87150 0.94666 0.67300 0.69379 0.59385 0.95724 0.35922 0.47349 -0.32355 2.00000 2.00000 0.00000 -0.45635 1.92531 1.51800 1.67166 0.69402 0.91662 0.64626 63.00000  
-0.44190 0.72218 -0.30801 -0.98777 -0.53494 -0.80960 -1.53926 1.58667 -1.03134 0.00000 0.00000 0.00000 0.27055 -0.37243 -0.54773 -0.40269 -0.17570 -1.39746 0.46705 0.00000  
-1.55729 -1.52259 0.61850 -0.21167 -1.72644 -1.66625 0.27635 0.27848 0.77266 -0.50000 1.00000 0.00000 -2.41581 -1.49459 -2.17081 -1.60192 -1.04542 -1.20856 0.37744 1.00000  
-0.64845 -0.28797 -0.36251 -0.12543 -0.15868 -0.59544 0.77357 0.70913 2.04150 2.00000 0.00000 0.00000 -0.42474 0.16193 -0.99039 -0.72681 -0.39313 -0.02791 1.18391 0.00000  
1.16922 1.62009 -0.90752 -0.34102 0.15488 0.31475 0.20854 -0.53406 0.77266 2.00000 0.00000 0.00000 -0.20351 -0.21212 1.66555 1.41237 0.76650 0.30268 -0.42903 3.00000  
1.41708 0.94666 0.67300 -0.38413 1.65993 2.18867 -1.76527 0.84726 -0.45303 0.00000 0.00000 0.00000 0.90264 1.12377 1.96066 1.44478 0.83897 0.39713 -0.24982 0.00000  
-0.07010 -0.51244 0.12799 -0.25478 1.03282 -0.27419 -0.70302 0.92852 0.66045 2.00000 0.00000 0.00000 -0.10870 -0.42587 0.33758 -0.27304 -0.61056 -0.68907 0.37744 1.00000  
0.96267 1.58267 -0.52602 -0.72907 0.09217 -0.27419 0.69823 -0.20092 0.61729 0.00000 0.00000 0.00000 0.55499 1.60470 1.22290 1.54201 2.36099 0.16100 0.19822 0.00000  
0.92135 -0.06349 0.29150 0.43509 0.71927 0.95724 -0.69549 0.20535 0.14255 2.00000 0.00000 1.00000 -0.01389 -0.21212 0.63269 0.08348 -1.77019 0.20822 -0.24982 0.00000  
-0.64845 0.08616 0.72750 0.99561 -0.34681 0.10059 -0.12294 0.20535 -0.34945 2.00000 1.00000 0.00000 -0.93041 0.37567 -1.13794 -0.75922 -0.32066 -0.07513 0.10862 3.00000  
0.96267 0.19840 -0.79852 0.09015 0.15488 1.33202 0.51742 -0.21717 -0.32355 2.00000 0.00000 1.00000 -0.29832 1.49782 0.78024 0.95860 0.83897 1.34165 0.01901 0.00000  
-1.10287 -1.07363 0.50950 0.39197 0.15488 0.36829 -1.38858 0.01847 0.90213 0.00000 0.00000 0.00000 1.12387 -0.47930 -1.13794 -1.24540 -0.82799 -0.59462 -0.69786 1.00000  
-1.22680 -1.07363 0.83651 0.86626 0.97011 0.36829 0.32908 -0.00591 0.47918 2.00000 0.00000 0.00000 1.25028 -0.69305 -0.84284 -1.27781 -0.68304 0.39713 0.10862 1.00000  
0.59087 1.35820 -0.25351 0.09015 -1.47560 1.86743 1.60980 -0.90783 -1.09176 1.50000 0.00000 0.00000 0.17574 1.76500 0.33758 1.44478 3.08576 2.90011 0.01901 0.00000  
2.78034 1.76974 -0.41701 0.95250 -0.03326 1.49265 0.87150 -0.31468 -0.67745 0.00000 0.00000 0.00000 -0.45635 1.92531 2.10821 2.31989 0.33164 1.76669 0.19822 7.00000  
-1.10287 0.72218 -1.34353 -0.90154 -1.16205 -2.14811 1.48173 -1.47661 -0.33219 0.00000 0.00000 0.00000 -0.39314 -1.44115 -0.99039 -0.66198 0.18668 -0.92520 -0.69786 0.00000  
