-0.40396 -0.84786 1.34139 0.60735 0.72525 0.60889 -0.16448 2.64375 0.36782 2.00000 0.00000 1.00000 63.00000  
-2.41606 -1.99663 -0.35972 -0.28401 -0.03618 -1.67187 -1.81128 -0.00011 0.69405 0.00000 0.00000 0.00000 0.00000  
-0.27274 -0.81196 1.81066 1.83827 1.48668 -0.50225 1.13924 -1.56630 -1.63492 -0.50000 0.00000 0.00000 1.00000  
0.25215 -0.52476 1.40005 2.26273 0.37382 -0.03440 -0.50756 -0.21564 -0.28466 2.00000 0.00000 0.00000 0.00000  
-0.62267 -1.38635 -0.24240 0.14045 1.48668 -1.08706 0.04137 0.31601 0.82998 2.00000 1.00000 0.00000 0.00000  
-0.31648 -1.13505 0.52017 0.56490 0.60811 -0.56073 -1.67405 1.03445 0.15032 0.00000 0.00000 0.00000 3.00000  
-0.31648 -0.27347 -1.29826 -1.38760 0.84239 -0.61921 0.79616 0.29445 -0.58371 1.50000 0.00000 0.75000 1.00000  
0.29590 -1.24275 0.40285 0.64979 0.78382 -1.43795 -1.33096 -1.07776 1.48246 0.00000 0.00000 0.00000 0.00000  
1.08324 0.87531 0.57883 0.73468 -0.09475 1.89547 -1.46820 1.37211 2.22555 0.00000 0.00000 0.00000 1.00000  
0.86453 0.73171 0.46151 0.43756 0.02239 0.43345 0.31584 -0.56767 -0.78308 0.00000 0.00000 0.00000 0.00000  
0.25215 -0.45296 0.10955 0.52246 -0.32903 -0.38529 -0.64480 0.73989 -0.01279 2.00000 1.00000 0.00000 3.00000  
1.52065 0.76761 -1.41558 -1.34515 0.43239 -0.09288 -1.39958 -0.28030 -0.48402 0.00000 0.00000 0.00000 0.00000  
2.35173 2.38308 -1.70887 -0.36890 -0.85618 1.89547 0.10999 -1.48009 -1.12744 0.00000 0.00000 0.00000 1.00000  
-2.28483 -1.35045 1.81066 1.66849 -0.73903 -1.02858 -0.23310 -0.04321 2.12587 2.00000 0.00000 0.00000 0.00000  
0.95201 1.84459 -0.94631 -0.96314 0.60811 0.43345 1.20786 -0.38088 -0.04904 2.00000 1.00000 0.00000 7.00000  
-0.71015 0.33682 -0.82899 -1.04803 0.02239 -1.61339 -0.64480 -1.16398 -1.63492 0.00000 0.00000 0.00000 0.00000  
2.17677 0.58811 0.05090 0.52246 0.54954 0.72585 0.86477 0.65367 -0.89182 0.00000 1.00000 0.00000 1.00000  
-0.88512 0.26502 -1.41558 -0.36890 -0.15332 -1.49643 1.07062 0.31601 0.09595 0.00000 0.00000 0.00000 0.00000  
0.90827 0.19322 0.93078 -0.32646 -0.79760 1.48611 1.07062 -0.28748 0.09595 2.00000 0.00000 0.00000 0.00000  
-0.49144 -0.63246 1.04810 0.98936 -0.62189 -0.09288 -0.23310 0.29445 0.57625 0.00000 0.00000 0.00000 15.00000  
-1.23504 -0.59656 0.22687 0.35267 -2.32046 -0.26832 1.82541 -0.95563 0.44938 2.00000 0.00000 0.00000 0.00000  
-0.75389 -0.84786 1.10676 1.15914 1.25239 -0.79465 0.79616 0.95542 1.16528 2.00000 0.00000 1.00000 1.00000  
-0.79763 0.30092 1.22407 -0.32646 -1.38332 1.19370 0.59031 0.02145 -0.22122 2.00000 0.00000 0.00000 0.00000  
-0.27274 0.58811 -0.71167 -1.85450 -0.79760 0.25800 0.52169 0.72552 -0.23935 1.50000 0.00000 0.00000 3.00000  
-0.18526 0.30092 0.10955 0.09800 0.49097 -0.09288 -0.43895 -0.08632 0.06877 0.00000 0.00000 0.00000 3.00000  
1.73935 1.12660 -1.12228 -1.64227 -0.85618 1.13522 -0.71341 1.99716 -0.98244 0.00000 0.00000 0.00000 0.00000  
-1.27879 -0.02217 -1.12228 -0.36890 1.36954 0.37497 0.65892 -0.67544 0.06877 -0.50000 0.00000 0.00000 0.00000  
1.21446 1.66509 -2.35412 -2.83075 1.25239 -0.44377 -0.71341 0.26572 0.47656 0.00000 0.00000 0.00000 1.00000  
0.38338 0.65991 -0.12508 0.05555 -1.26618 1.77851 0.93339 -1.41543 -0.01279 2.00000 0.00000 0.00000 0.00000  
0.03345 0.55222 0.57883 1.11669 -0.09475 1.19370 -0.57618 -0.38806 -0.83745 2.00000 0.00000 0.00000 1.00000  
0.07719 0.15732 -0.41838 -0.28401 -0.91475 -0.26832 1.20786 -0.17972 0.52187 2.00000 0.00000 1.00000 7.00000  
0.12093 0.65991 0.10955 -0.02934 0.60811 0.90130 0.17861 -0.32340 -0.75589 0.00000 0.00000 0.00000 0.00000  
1.12698 0.44452 -0.18374 1.28648 0.78382 0.95978 -0.85065 0.08611 2.52460 2.00000 1.00000 1.00000 3.00000  
-1.01634 -1.09915 0.46151 0.05555 -0.32903 -1.61339 -1.81128 -0.68262 -0.49309 0.00000 0.00000 0.00000 0.00000  
-0.44770 0.58811 1.45871 1.32892 -1.44189 1.95395 0.10999 0.84765 -0.34809 2.00000 0.00000 0.00000 1.00000  
-1.71620 -0.66836 -0.06642 0.09800 2.48239 -0.97010 -2.22298 0.45970 -0.40247 2.00000 0.00000 0.00000 0.00000  
-0.09777 0.04963 1.51737 -0.53868 -0.85618 0.60889 0.45307 3.50588 -0.59277 1.50000 0.00000 0.00000 1.00000  
0.12093 -0.63246 0.98944 0.77713 -0.85618 0.60889 -0.78203 0.07174 1.70901 0.00000 0.00000 0.00000 0.00000  
1.30194 1.01891 -0.35972 -0.41135 -1.79332 0.19952 2.23711 -0.76165 -0.89182 2.00000 1.00000 0.00000 31.00000  
0.68957 1.41380 -1.06362 -0.58113 -0.50475 0.31649 1.41371 -1.43698 -1.39930 0.00000 0.00000 0.00000 0.00000  
0.03345 -0.56066 -0.30106 0.09800 -0.15332 1.25218 0.93339 0.80455 -0.13966 0.00000 1.00000 0.00000 0.00000  
-0.53519 -1.02735 2.10396 1.15914 0.43239 0.49193 -0.91926 0.35911 1.70901 2.00000 0.00000 0.00000 1.00000  
1.30194 0.98301 -0.47704 -0.41135 -2.26189 0.60889 0.93339 -0.08632 -0.41153 2.00000 0.00000 0.00000 7.00000  
0.29590 -1.35045 1.45871 1.37137 1.25239 0.90130 -1.05650 1.99716 0.84811 0.00000 0.00000 0.00000 0.00000  
-0.71015 -1.09915 -0.18374 0.31023 -0.38760 -0.97010 0.38446 -0.12942 0.65780 -0.50000 0.00000 0.00000 1.00000  
-0.79763 -1.02735 0.34419 0.26778 0.60811 -0.91162 0.45307 -0.43835 -0.92807 0.00000 0.00000 0.00000 0.00000  
0.07719 0.12142 -1.23960 -1.34515 -1.20760 0.49193 -0.16448 0.35193 0.00533 2.00000 1.00000 0.00000 0.00000  
0.25215 -0.56066 0.10955 0.22534 -0.85618 0.02408 -1.53682 1.39367 -0.06717 0.00000 0.00000 0.00000 3.00000  
1.38943 2.02409 0.69614 1.07425 2.42382 0.31649 -0.37033 0.30164 -0.09435 2.00000 2.00000 0.00000 3.00000  
-1.49749 -0.77606 -0.77033 -1.43004 -0.21189 -1.32098 0.86477 0.58901 0.60343 0.00000 0.00000 0.00000 0.00000  
1.73935 1.37790 0.05090 0.31023 0.72525 0.37497 0.04137 -0.33777 0.38594 2.00000 0.00000 0.00000 0.00000  
-1.06008 -0.74016 -0.00776 -0.66602 0.19811 0.55041 1.00201 0.69678 -0.13060 1.50000 0.00000 0.00000 1.00000  
-0.66641 -0.88376 0.34419 1.71093 0.08097 1.31066 -1.05650 0.20824 1.77245 -0.50000 1.00000 0.00000 0.00000  
-0.36022 -1.81714 -0.18374 0.48001 -1.09046 0.08256 -0.02724 -0.92689 0.82092 0.00000 0.00000 0.00000 1.00000  
-0.62267 -0.74016 1.86932 1.11669 -0.50475 0.31649 -0.09586 1.31464 2.14399 2.00000 1.00000 0.00000 15.00000  
0.86453 1.09070 -2.17814 -2.06673 0.60811 -0.61921 0.24722 -0.85505 -0.72870 0.00000 0.00000 0.00000 0.00000  
-0.05403 -0.23757 0.22687 0.22534 -0.38760 -0.50225 -0.64480 -0.99155 -1.26337 1.50000 0.00000 0.00000 1.00000  
0.07719 0.19322 -1.29826 0.05555 -0.15332 -0.32681 2.03126 -2.50028 0.23188 0.00000 0.00000 0.00000 0.00000  
0.55834 -1.92483 0.10955 -0.45379 0.54954 0.25800 -0.78203 -0.23001 -0.37528 2.00000 0.00000 0.00000 7.00000  
0.38338 0.51632 -1.29826 -0.96314 1.01811 0.02408 1.07062 -0.99874 -0.81026 0.00000 0.00000 0.00000 0.00000  
-1.67246 -1.06325 0.28553 -1.09048 -0.97332 -2.19820 0.65892 -0.10787 0.12314 2.00000 0.00000 0.00000 1.00000  
-0.79763 -0.27347 0.16821 0.48001 0.37382 -2.31516 -0.57618 -0.02166 -0.63808 0.00000 0.00000 0.00000 0.00000  
0.16467 -0.12987 -0.77033 -0.11423 -1.09046 -1.61339 1.00201 -0.51738 0.68499 2.00000 0.00000 1.00000 3.00000  
-0.09777 1.01891 -1.06362 -1.59983 -0.62189 0.43345 0.93339 -1.01311 -2.27833 0.00000 0.00000 0.00000 0.00000  
