0.68248 0.54816 0.61065 1.32447 0.26655 -0.45625 0.86079 -0.49624 3.91546 2.00000 3.00000 0.00000 63.00000  
-2.43168 -1.59290 0.67463 -0.22585 0.02781 -1.67291 -1.68491 -1.16193 0.21348 0.00000 0.00000 0.00000 0.00000  
0.51993 0.82474 -0.41306 -0.57206 -0.40340 0.26269 0.13462 -0.86607 -0.79472 2.00000 1.00000 0.00000 1.00000  
-0.45600 -0.81212 0.54667 1.13325 -1.33895 -0.29034 -0.25826 -0.91538 2.43467 2.00000 2.00000 0.00000 0.00000  
0.97470 0.51054 -0.41306 -0.20185 -0.33829 0.37330 0.41761 -0.53734 0.09533 0.00000 0.00000 0.00000 0.00000  
-1.43070 -0.59440 0.61065 -0.05330 -0.55516 -1.06458 0.65941 3.07875 -0.08583 0.00000 0.00000 0.00000 1.00000  
1.17854 2.62126 -0.41306 0.44499 2.06408 -0.40095 -0.10578 -0.42228 -0.36151 2.00000 0.00000 0.00000 3.00000  
-0.26305 -0.89909 2.01824 2.24178 1.92440 -0.06913 -0.98081 -0.08533 0.32375 0.00000 0.00000 0.00000 0.00000  
0.63906 0.58571 0.09880 -0.40638 -0.88948 1.97708 -0.39953 1.18852 0.72545 -0.50000 0.00000 0.00000 0.00000  
-0.77625 -0.47213 -0.98889 -1.54899 0.47213 -1.34110 -0.15380 -0.86607 -0.44028 0.00000 0.00000 0.00000 1.00000  
0.40835 0.73191 0.48268 1.19299 -0.09605 0.48390 -0.93393 0.56392 0.78847 2.00000 0.00000 0.00000 7.00000  
0.83600 1.27376 -0.60500 -1.14842 0.35847 -1.28579 1.57946 -1.16193 0.00081 0.00000 0.00000 0.00000 0.00000  
-0.81471 -0.86784 -0.73296 -1.14114 -0.25434 0.20739 1.39659 -1.44136 -0.31425 2.00000 0.00000 0.00000 0.00000  
-0.65375 -0.19571 -0.41306 -0.77278 0.11762 -0.29034 0.15524 -0.66061 0.01656 1.50000 0.00000 0.00000 3.00000  
0.55043 0.69728 0.29074 0.33133 1.06095 -0.89867 0.62463 -0.57021 0.16622 2.00000 1.00000 0.00000 0.00000  
-0.19131 -0.00968 -0.28509 -0.92737 0.29983 -0.45625 1.03260 0.67898 -0.62144 0.00000 0.00000 0.00000 1.00000  
0.46728 0.38197 0.29074 0.93794 -0.15381 0.64981 -0.48704 0.42421 0.42615 2.00000 0.00000 1.00000 3.00000  
0.64675 0.44731 0.29074 0.25640 2.31047 0.37330 -1.44384 -0.71814 -0.40877 0.00000 0.00000 0.00000 0.00000  
1.05930 0.46511 -1.24482 -1.15810 0.58104 0.37330 0.05331 0.82691 1.46585 0.00000 0.00000 0.00000 0.00000  
0.22124 0.45904 -0.02917 -0.83306 -0.71755 0.98163 0.47664 0.05439 -0.57418 1.50000 0.00000 0.00000 1.00000  
0.53318 1.00236 -0.15713 0.02848 0.06205 1.25814 -0.64153 0.00508 -0.43240 -0.50000 0.00000 0.00000 1.00000  
0.40337 0.11108 -0.02917 -0.01935 0.35484 -0.06913 -0.09958 0.17766 -0.85773 0.00000 0.00000 0.00000 0.00000  
-1.39842 -1.48753 1.05852 0.67301 -0.64219 -0.17973 -1.39861 1.78846 0.81997 2.00000 0.00000 1.00000 15.00000  
-0.04945 -0.49124 0.73861 0.31837 0.09484 -0.17973 0.81851 -1.07153 -0.29850 0.00000 0.00000 0.00000 0.00000  
1.17938 1.74221 -0.34908 0.28709 1.59405 -0.62216 -1.17780 1.22139 0.29224 0.00000 0.00000 0.00000 1.00000  
0.72326 1.68133 -2.07658 -1.76932 1.40410 -1.00928 -0.27222 -1.30164 -1.51149 -0.50000 0.00000 0.00000 0.00000  
-0.23005 -0.60486 0.22676 0.18836 0.55794 1.47935 -0.00023 1.54191 -0.25124 2.00000 0.00000 0.00000 3.00000  
0.28471 -0.23112 -0.28509 -1.16520 -0.47693 1.58996 0.49158 1.24605 0.35526 0.00000 0.00000 0.00000 0.00000  
1.19245 1.17117 0.03481 -0.01863 -1.14057 0.48390 1.14549 -0.37297 -0.43240 2.00000 1.00000 0.00000 7.00000  
-0.19044 -0.60513 -2.14056 -1.91614 -0.48835 -1.00928 0.04995 -0.34010 -0.79472 2.00000 0.00000 0.00000 0.00000  
2.28933 1.35449 -1.43676 -1.09376 0.29182 1.14754 1.71318 1.04881 -0.78685 2.00000 0.00000 1.00000 0.00000  
-0.63930 -1.38521 0.09880 -0.27093 0.24881 -1.17519 -1.39210 -0.01958 0.70182 0.00000 0.00000 0.00000 1.00000  
0.17172 -0.32663 0.80259 0.81160 -1.54149 0.92632 1.51149 2.19938 2.57645 2.00000 1.00000 0.00000 7.00000  
0.43351 -0.24315 -0.22111 -0.39987 2.57714 1.36875 -0.18823 1.27070 -0.90499 0.00000 0.00000 0.00000 0.00000  
-0.77473 -0.42641 1.76231 2.15309 0.20493 0.20739 -1.31358 -0.63596 0.78059 2.00000 0.00000 0.00000 1.00000  
-1.86191 0.02016 -0.09315 0.62197 0.50489 -0.17973 1.26892 -0.95647 0.19772 0.00000 0.00000 0.00000 0.00000  
0.90452 1.15078 -0.66898 -0.48386 -0.04919 -0.62216 -0.63662 -0.79211 0.18985 2.00000 0.00000 1.00000 1.00000  
0.38881 0.00340 -1.88463 -1.00830 1.13505 -0.67746 -0.97472 -0.76745 0.59155 0.00000 0.00000 0.00000 0.00000  
-0.66119 0.18618 -1.11685 -1.17060 -1.26834 -1.34110 1.90712 -1.41670 -0.26699 2.00000 0.00000 0.00000 3.00000  
0.50536 0.92656 -1.50074 -1.95837 0.22697 -0.17973 0.09063 0.16123 -0.13309 0.00000 0.00000 0.00000 0.00000  
-1.26847 -0.41380 1.31444 0.64250 -2.39268 -0.62216 1.28448 0.97484 0.60731 2.00000 0.00000 0.00000 3.00000  
-1.00076 -0.94062 1.25046 1.42479 0.98775 -0.95398 0.03657 -0.09354 -0.14097 2.00000 0.00000 0.00000 0.00000  
-0.02603 -0.06825 0.22676 0.53474 -0.81903 -1.23049 -2.52795 0.64611 1.67064 2.00000 0.00000 1.00000 1.00000  
-0.18949 -0.47817 -0.73296 0.99013 1.25936 -0.17973 -1.48788 0.07904 -0.62144 1.50000 1.00000 0.75000 0.00000  
0.72304 0.73972 -0.28509 0.05148 1.56485 -0.23504 -0.59465 -0.10176 -0.41665 0.00000 0.00000 0.00000 1.00000  
-1.02149 -1.77548 2.27417 2.17696 -0.59195 0.26269 -0.29677 -0.35653 -0.99164 2.00000 0.00000 0.00000 0.00000  
0.38093 -0.99353 0.16278 0.59733 -0.53633 0.59451 0.74206 0.32559 -0.66870 2.00000 0.00000 0.00000 15.00000  
-1.46360 -0.46694 1.18648 1.56421 0.82095 -1.17519 -1.03591 0.69542 0.46553 0.00000 0.00000 0.00000 0.00000  
-0.55117 -0.53067 2.65806 2.03678 -0.48664 1.92178 1.35364 -0.09354 1.55249 2.00000 4.00000 0.00000 7.00000  
-0.73650 -0.30890 -0.22111 0.03461 0.08431 -0.45625 -0.37255 -0.57021 -1.13341 0.00000 0.00000 0.00000 0.00000  
2.49270 2.32834 -1.24482 -0.80438 0.23439 2.08769 0.34127 -1.76187 -1.19643 0.00000 0.00000 0.00000 1.00000  
-0.89266 -2.35722 -0.41306 -0.20793 -0.45088 -1.00928 -0.84317 0.30916 0.26861 2.00000 0.00000 0.00000 0.00000  
0.72010 1.57760 -0.60500 -0.70654 -0.88702 0.81572 0.31372 0.24341 0.26861 1.50000 0.00000 0.00000 0.00000  
-1.19810 -1.48508 1.57037 0.01633 -0.93386 -1.67291 -2.14132 -0.79211 -0.66870 2.00000 0.00000 0.00000 1.00000  
0.78302 -0.07700 -1.88463 -1.89148 -1.84606 -0.78807 0.60354 -1.56463 -1.29095 2.00000 0.00000 0.00000 0.00000  
-0.89132 -0.72904 0.80259 0.39612 -0.75990 -0.51155 -0.47044 2.01036 -0.69233 0.00000 0.00000 0.00000 3.00000  
-0.42950 -0.59833 -0.60500 -0.91963 -0.62587 0.04148 -0.08583 -0.15929 -1.52724 -0.50000 0.00000 0.00000 0.00000  
-0.20129 0.01308 0.41870 0.55222 -0.62323 1.03693 -0.02530 -0.01958 0.18985 2.00000 0.00000 0.00000 3.00000  
-0.16847 -0.40173 -0.02917 0.48732 -0.09808 -0.23504 -0.38774 -0.57843 0.78059 2.00000 0.00000 0.00000 1.00000  
1.54251 0.88207 0.03481 0.14146 0.29276 1.81117 0.59904 0.39134 -1.20430 0.00000 0.00000 0.00000 0.00000  
0.75884 -0.35473 -0.47704 0.64875 0.28672 -0.95398 0.29356 -1.06331 -1.17280 0.00000 0.00000 0.00000 0.00000  
-0.10747 0.73198 -0.09315 -0.83144 -1.48530 -0.23504 2.75243 -0.31544 -0.45603 2.00000 0.00000 0.00000 1.00000  
0.90800 0.09951 -0.22111 0.17012 0.21133 0.81572 -0.37348 0.37490 1.43435 2.00000 1.00000 0.00000 31.00000  
-1.07788 -2.00812 0.29074 0.35589 1.27559 -0.62216 -0.21169 0.47352 0.63881 0.00000 0.00000 0.00000 0.00000  
