-0.00431 -0.21700 0.42998 -0.06546 -0.61906 -0.35055 0.21108 0.31888 -1.02648 2.00000 0.00000 1.00000 -0.87599 -0.73276 0.04301 0.13210 0.13020 -0.22770 0.29666 15.00000  
-1.17783 -0.17701 -0.56491 -0.76439 -0.33171 -1.48077 -0.88071 -0.91416 -0.85788 0.00000 0.00000 0.00000 1.19469 -1.97845 -0.88057 -1.42332 -1.39624 -1.59792 -1.14941 0.00000  
-0.83555 -1.57665 0.15362 0.52312 1.44025 -1.01841 -1.29559 -0.14807 -0.46167 0.00000 0.00000 0.00000 0.54228 -1.07249 0.19694 -1.03446 -0.93831 -1.46090 -0.71559 0.00000  
-0.00431 -0.09703 0.48525 -0.06546 0.43454 0.88242 0.79337 0.12189 -0.83259 2.00000 0.00000 0.00000 0.42882 -0.56289 0.04301 -0.41230 -1.09095 1.23387 0.51356 1.00000  
-2.05796 -0.45694 1.59068 0.55991 -0.71484 -0.45330 -0.56773 3.42702 0.12843 1.50000 0.00000 0.00000 -0.87599 0.28644 -2.11200 -1.65663 0.66445 -0.73011 2.39344 0.00000  
0.24017 -0.41695 0.87215 -0.98511 -0.33171 1.24204 0.32754 0.72746 -0.85788 0.00000 0.00000 0.00000 0.03170 0.45631 -0.11092 0.28764 0.35916 1.14252 0.73047 1.00000  
1.51147 1.70250 -0.62018 -0.24939 0.19508 1.80715 0.86615 2.23775 -0.94218 0.00000 2.00000 0.00000 1.36488 2.15498 0.65873 1.06534 0.05387 2.10168 2.53805 3.00000  
-0.88445 -1.33671 -0.28855 0.00811 0.43454 -0.40192 -0.00728 0.24592 -0.15819 0.00000 0.00000 0.00000 -0.79090 -0.50627 -0.57271 -0.95669 -0.48038 -0.41040 0.15205 0.00000  
-0.44438 -1.01680 -0.95181 -0.94832 -0.47539 -1.01841 0.40032 0.63261 0.23802 2.00000 0.00000 0.00000 -0.16686 -0.95925 -0.41878 -0.41230 -0.40406 -0.63877 0.73047 0.00000  
0.24017 0.58279 0.37471 -0.35975 -0.57117 -0.45330 -0.49494 -0.55665 -1.13607 1.50000 0.00000 0.00000 -0.47888 0.00333 -0.11092 0.17098 -0.02245 -0.68444 -0.71559 7.00000  
-0.98224 -0.77686 0.87215 -0.47010 -0.95429 -0.96704 2.00161 1.04849 0.65952 2.00000 2.00000 0.00000 -0.16686 -0.90263 -1.49628 -1.26777 -1.16727 0.64011 2.39344 1.00000  
0.24017 -1.13677 -0.95181 -0.61725 1.00923 -1.27528 -2.00161 -0.43991 -0.60498 0.00000 0.00000 0.00000 0.48555 -1.24236 1.27444 0.20987 -0.48038 -1.91764 -1.14941 0.00000  
-0.00431 -0.49693 -0.28855 0.78062 0.67399 0.83105 1.02628 -1.11845 0.97986 -0.50000 0.00000 0.00000 0.59901 -0.05329 0.35087 -0.14010 -0.40406 1.37089 -0.57098 0.00000  
0.04458 0.66277 -0.89654 -0.17582 0.24298 -0.96704 0.34937 -1.14034 0.36447 0.00000 0.00000 0.00000 -0.11012 -0.16654 0.04301 -0.14010 -0.48038 -0.59309 -0.86019 3.00000  
1.90264 -0.37696 0.20889 0.70705 1.00923 0.77967 -1.20097 -0.55665 1.35921 2.00000 3.00000 0.00000 0.08843 0.96591 1.58230 1.22088 -0.70934 -0.22770 -1.00480 1.00000  
1.46258 1.14265 -2.33360 -3.70728 0.38665 0.31731 0.67691 1.61029 -1.81047 0.00000 0.00000 0.00000 1.30815 0.22982 2.19802 2.23190 1.96192 0.68578 1.81502 0.00000  
-0.24880 0.58279 -0.23328 -0.06546 -1.28953 -0.29918 0.96078 -0.77553 -0.20877 2.00000 0.00000 1.00000 -1.27311 -1.41223 -0.72664 -0.37341 -0.70934 0.36606 -0.28177 3.00000  
-1.22672 -0.97681 1.03797 1.18527 -0.61906 -1.68627 -1.92155 -0.03863 -1.23723 0.00000 0.00000 0.00000 -0.22359 -0.16654 -1.49628 -1.15112 -0.17509 -2.14601 -0.86019 0.00000  
1.26699 -0.81685 0.59579 0.52312 -0.61906 1.96127 -1.27375 1.36222 0.57522 2.00000 0.00000 0.00000 -1.21638 1.81524 -0.26485 0.52095 -0.86199 0.50309 0.44126 1.00000  
0.19127 0.14290 0.42998 0.63348 0.05141 0.06044 -1.05540 0.31888 0.18744 1.50000 0.00000 0.00000 -1.32984 -0.05329 0.04301 -0.14010 -0.63302 -0.63877 -0.28177 0.00000  
-1.56900 -1.13677 1.20378 0.08169 -0.47539 -0.65879 0.40032 1.04849 1.22433 2.00000 0.00000 0.00000 0.40045 -1.07249 -1.49628 -1.50109 -0.55670 -0.36472 1.09199 0.00000  
0.38686 1.22263 -0.50964 -0.87475 0.53032 0.16319 0.05095 0.97553 0.71853 0.00000 0.00000 0.00000 0.51392 -0.61951 0.81266 0.17098 -0.63302 0.09202 0.80278 1.00000  
0.68023 1.30260 -0.28855 0.37598 -1.57687 1.65303 0.08734 0.46480 0.51621 2.00000 1.00000 1.00000 -0.33705 0.90929 -0.26485 1.02646 1.27502 1.27955 0.36896 7.00000  
-0.88445 -0.61690 0.04308 0.30240 0.67399 -1.73764 1.39021 -0.48369 -0.42795 0.00000 0.00000 0.00000 -0.11012 0.62618 -0.57271 -0.64561 0.58813 -0.54742 0.22435 0.00000  
0.09348 -0.85684 1.64595 1.58992 -0.14015 0.93379 -0.27659 0.53777 0.63423 2.00000 0.00000 0.00000 -2.35100 1.13578 -1.03450 -0.84004 -1.77785 0.45741 0.22435 1.00000  
-1.66679 -0.37696 0.59579 0.19204 0.67399 0.00907 -0.25475 -0.68068 0.85341 2.00000 0.00000 1.00000 2.35767 -0.84600 -0.88057 -1.46220 -0.17509 -0.22770 -0.71559 0.00000  
0.43575 -0.73687 -0.62018 1.00134 -0.52328 2.37226 0.88071 -0.41073 -1.00119 2.00000 0.00000 1.00000 -0.42215 1.98511 -0.26485 0.63760 1.35134 2.55842 0.00744 3.00000  
0.04458 -1.33671 0.31944 -0.24939 0.81766 0.42006 -0.03639 1.12145 0.09471 0.00000 0.00000 0.00000 0.51392 -0.44965 0.35087 -0.37341 -1.01463 0.22904 0.87508 0.00000  
-0.39549 1.42257 -0.73072 -0.28617 -0.18804 -0.65879 0.40032 0.53777 1.69642 2.00000 0.00000 0.00000 1.79036 -0.50627 -0.11092 -0.02345 0.58813 -0.31905 0.65817 63.00000  
0.68023 1.06267 -0.95181 -0.32296 -1.05008 0.06044 -0.60412 -1.39570 0.54150 1.50000 0.00000 0.75000 -1.61350 -0.44965 0.35087 0.98757 0.66445 -0.36472 -1.43862 0.00000  
0.04458 0.14290 -0.01219 0.37598 0.62610 0.98517 -0.34937 -0.00215 0.01041 2.00000 0.00000 0.00000 0.51392 0.05995 1.12052 0.98757 2.11456 0.41174 -0.20947 1.00000  
-1.22672 -1.37670 -0.95181 -1.02190 0.33876 -0.09368 -1.43388 -0.52746 -1.36368 0.00000 0.00000 0.00000 0.71247 -1.41223 -0.11092 -0.72338 0.35916 -0.91281 -1.07710 0.00000  
0.43575 -0.05704 0.87215 1.00134 -0.37960 0.62555 0.83704 -0.60772 0.17901 0.00000 1.00000 0.00000 -1.21638 0.39969 -0.41878 -0.14010 -1.01463 1.05118 -0.20947 7.00000  
0.92472 1.06267 -1.67034 -0.61725 0.81766 -0.50467 -0.65507 -1.76050 -0.04017 0.00000 0.00000 0.00000 0.71247 -1.24236 2.19802 1.22088 0.28284 -0.82146 -1.72783 0.00000  
1.85375 1.58253 -0.89654 -0.06546 -1.00219 0.47143 0.35665 0.07811 -0.04860 0.00000 0.00000 0.00000 0.11680 1.02253 0.81266 1.76528 0.58813 0.54876 0.22435 1.00000  
0.48465 0.38284 -0.89654 -0.21260 1.63181 -0.09368 0.72058 0.65450 0.71853 2.00000 1.00000 0.00000 0.59901 0.56955 1.27444 0.52095 0.35916 0.32039 0.94738 0.00000  
-0.49328 0.70276 0.15362 0.48633 1.00923 0.11181 0.08734 0.17296 -0.60498 2.00000 0.00000 0.00000 1.25142 0.96591 0.19694 -0.02345 1.27502 0.04635 0.15205 0.00000  
2.44050 0.06292 -1.00708 -1.24261 -0.14015 -1.01841 1.10635 -0.00944 0.36447 0.00000 0.00000 0.00000 1.19469 0.96591 1.42837 1.60974 -0.93831 -0.13635 0.58587 1.00000  
-0.88445 0.22288 1.03797 0.89098 0.09930 -1.94314 1.02628 0.61802 1.18218 -0.50000 0.00000 0.00000 -1.47167 -0.50627 -0.88057 -1.19000 -1.01463 -1.00416 1.09199 3.00000  
1.41368 0.38284 0.31944 0.41276 1.48814 -0.40192 -0.88799 -1.30815 1.98304 0.00000 0.00000 0.00000 -0.64907 0.22982 1.73623 0.87092 -0.78567 -0.86714 -1.43862 0.00000  
-0.29769 1.18264 1.75650 1.11170 -0.28382 0.67692 -0.40032 -1.02360 1.24962 2.00000 0.00000 0.00000 -1.10292 -0.05329 -0.11092 0.09321 0.81709 0.18337 -1.07710 3.00000  
-1.61789 -0.89683 -1.39398 -1.05868 -0.42750 -2.25138 0.37849 0.19485 -0.91689 2.00000 0.00000 0.00000 0.25863 -1.92183 -1.03450 -1.34554 -0.48038 -1.59792 0.29666 0.00000  
1.56037 2.38233 -1.50452 -0.54368 -1.09797 2.01264 1.17913 -1.71673 -2.22354 2.00000 1.00000 0.00000 1.42161 0.96591 1.42837 2.58187 2.87778 2.60410 -1.07710 1.00000  
0.38686 0.14290 1.20378 0.59669 0.72188 -0.19643 -1.63768 0.61073 -0.04017 0.00000 1.00000 0.00000 -0.70580 1.36227 0.19694 0.28764 0.28284 -1.09551 -0.28177 0.00000  
0.38686 1.06267 -0.28855 -0.54368 1.48814 0.42006 0.02184 1.01931 -0.56283 0.00000 0.00000 0.00000 2.01729 1.13578 0.96659 0.55983 0.81709 0.27472 0.80278 1.00000  
0.63134 0.62278 0.81688 1.73706 1.77548 1.19066 0.24019 0.45751 -0.83259 0.00000 0.00000 0.00000 -0.59234 2.15498 0.35087 -0.10122 -0.86199 1.05118 0.44126 0.00000  
-0.15100 0.42283 -1.44925 -1.16904 0.29087 -1.06978 2.58390 -1.06738 -0.63027 2.00000 0.00000 0.00000 1.39325 -0.90263 0.81266 0.44318 0.89341 1.18820 0.44126 15.00000  
1.75595 0.82273 -2.27832 -2.27262 -2.58258 0.67692 -1.78326 -0.36695 -0.52068 0.00000 0.00000 0.00000 0.06007 -1.35560 0.50480 1.76528 -0.09877 -0.59309 -1.00480 0.00000  
-0.05321 -0.61690 0.26417 0.89098 1.05712 -0.19643 0.79337 0.26781 1.00515 0.00000 0.00000 0.00000 0.76921 -0.50627 0.81266 0.13210 0.20652 0.32039 0.58587 1.00000  
-1.31687 -0.45979 0.07669 -0.89056 -1.71041 -0.56470 2.07795 -0.08749 -0.73116 0.00000 0.00000 0.00000 -0.36425 -1.11040 -1.62837 -1.05746 0.14523 0.99183 1.26723 0.00000  
-0.34659 -1.77660 2.03285 1.99456 1.87126 -1.27528 -0.51678 -1.38840 1.86502 2.00000 1.00000 0.00000 -0.47888 -0.16654 0.35087 -0.84004 -1.16727 -1.32388 -1.43862 31.00000  
-1.27562 -1.21674 0.65107 0.00811 -1.00219 0.72830 -0.51678 -0.33777 -0.91689 2.00000 0.00000 0.00000 -1.41494 -0.84600 -1.49628 -1.22889 -0.48038 0.13769 -0.57098 0.00000  
-0.83555 -1.45668 -0.62018 0.04490 -0.37960 0.16319 -0.66235 0.63261 0.04413 1.50000 0.00000 0.00000 0.20190 -0.84600 -0.88057 -0.87892 -0.63302 -0.36472 0.15205 1.00000  
-0.10211 -2.29647 0.31944 -0.54368 -1.57687 -0.65879 0.59685 -1.33733 0.04413 2.00000 1.00000 0.00000 -1.58513 0.39969 -1.65021 -0.84004 -1.54888 -0.18202 -1.00480 0.00000  
0.82692 0.50281 1.09324 0.41276 -0.42750 0.77967 0.86615 2.38368 0.60051 2.00000 0.00000 1.00000 -1.38657 1.81524 0.19694 0.98757 1.12238 1.18820 2.68265 3.00000  
-0.49328 0.22288 0.81688 0.55991 1.91915 -0.29918 -1.93611 1.44978 1.87345 0.00000 0.00000 0.00000 -1.27311 -0.33640 0.65873 -0.45118 -0.09877 -1.27820 0.15205 0.00000  
0.38686 0.02294 0.48525 0.89098 -0.37960 0.88242 -1.33198 -0.00944 1.38450 1.50000 0.00000 0.00000 -0.81926 1.13578 -0.57271 -0.14010 -0.78567 -0.22770 -0.64328 0.00000  
-0.59107 -0.57691 1.42487 1.00134 -0.09226 -0.65879 0.74242 -1.02360 0.68481 2.00000 0.00000 0.00000 0.25863 -0.44965 -0.57271 -0.68450 -0.48038 -0.09068 -0.64328 3.00000  
0.24017 1.46256 0.20889 -0.54368 -0.14015 0.47143 1.39749 0.31888 -0.71457 2.00000 2.00000 0.00000 0.54228 0.62618 0.50480 0.98757 2.03824 1.46224 1.09199 0.00000  
0.97361 1.22263 0.04308 0.59669 -0.37960 1.39616 -0.34209 -0.41802 0.07785 0.00000 0.00000 0.00000 0.71247 1.07915 0.65873 1.25977 1.35134 0.73146 -0.57098 1.00000  
-1.27562 -1.33671 1.92231 2.10492 0.67399 -0.76154 -0.71330 -0.55665 1.67113 2.00000 0.00000 0.00000 -0.93272 0.11658 -1.18843 -1.61774 -1.09095 -1.04983 -0.78789 1.00000  
-0.29769 1.26262 -1.61507 -0.06546 -0.18804 0.16319 0.13829 -0.99441 1.47724 0.00000 0.00000 0.00000 -0.39378 -0.10991 0.19694 0.32652 1.19870 0.13769 -0.86019 0.00000  
1.02251 1.66251 -1.39398 -1.35297 -1.09797 0.31731 1.55762 -1.11845 -1.38054 2.00000 0.00000 0.00000 1.47834 0.17320 0.81266 1.60974 1.58031 1.46224 -0.28177 7.00000  
-0.44438 0.34285 -0.28855 -1.09547 -2.05578 -0.45330 0.27659 -0.00944 -2.13081 0.00000 0.00000 0.00000 -0.76253 -0.56289 -1.49628 -0.56784 -0.48038 -0.27337 0.07975 0.00000  
