1.25961 1.53267 0.50412 1.48262 0.83681 1.45986 -0.05456 0.89865 1.95313 2.00000 1.00000 1.00000 1.00000  
-0.09860 1.26637 -0.99542 -0.13909 0.83681 0.38094 -0.05456 -0.80135 -1.19958 0.00000 0.00000 0.00000 0.00000  
0.15606 -0.80480 -1.21758 -1.15267 -0.95428 1.02830 0.71380 0.43020 -0.42765 -0.50000 0.00000 0.00000 0.00000  
-1.15970 -0.12427 -1.38419 -1.76081 -0.90715 -1.99269 1.42305 -1.30002 -1.63023 0.00000 0.00000 0.00000 3.00000  
0.62295 -0.71603 0.83735 0.87448 -0.76574 1.24408 -0.64560 -0.37824 -0.74455 2.00000 0.00000 0.00000 15.00000  
0.15606 0.40832 -0.88435 -0.54452 0.12980 0.00332 0.00455 -0.96757 -0.59829 0.00000 0.00000 0.00000 0.00000  
0.58050 0.79296 0.39304 0.71231 -0.29441 1.08224 0.65470 0.54353 0.67742 2.00000 0.00000 0.00000 1.00000  
-1.62658 -0.03551 0.39304 -1.15267 -0.10587 -0.96771 2.25051 1.72220 -0.81768 0.00000 0.00000 0.00000 0.00000  
-0.22593 -1.30780 -0.16234 -0.05801 -0.67148 -0.05063 -0.17277 0.65687 -0.22451 2.00000 0.00000 0.00000 7.00000  
0.79272 -1.04150 0.61520 0.10416 -1.00141 -0.42825 -0.29098 0.22620 0.44178 -0.50000 0.00000 0.00000 0.00000  
1.68404 0.91132 -1.27312 -1.39592 -0.71861 0.59673 -0.52739 -0.14402 0.58804 2.00000 1.00000 0.00000 0.00000  
-1.32947 0.05326 0.00427 0.26634 0.74254 -0.15852 0.06365 0.21865 -1.09395 0.00000 0.00000 0.00000 1.00000  
-0.35326 -0.15386 -1.05096 -0.34181 -0.34154 -1.02166 0.12276 -0.58980 -1.15083 2.00000 0.00000 0.00000 0.00000  
0.15606 0.40832 0.78181 1.40154 -0.76574 -0.10457 -2.06411 0.61153 1.30309 2.00000 0.00000 0.00000 1.00000  
1.51427 0.73379 -1.66189 -1.39592 -1.04855 0.16516 0.89111 -0.07602 0.09238 2.00000 0.00000 1.00000 3.00000  
-0.43815 0.64502 -1.77297 -1.67972 0.27120 -0.26641 -1.59127 -0.34802 -0.73642 0.00000 0.00000 0.00000 0.00000  
2.44803 0.82255 0.05981 0.55014 -0.48294 2.70062 -1.29575 2.09998 2.07501 2.00000 0.00000 0.00000 3.00000  
-0.69282 -1.07109 0.17089 0.10416 1.40241 -1.23744 -0.70471 -0.32535 0.09238 0.00000 0.00000 0.00000 0.00000  
1.51427 0.17161 -0.71773 0.55014 1.07248 -0.48220 -0.11366 -0.40091 0.17364 0.00000 0.00000 0.00000 1.00000  
-0.14104 -0.62727 0.39304 0.46905 -1.00141 -0.26641 -2.30053 0.88353 1.88000 2.00000 0.00000 0.00000 0.00000  
-0.22593 -0.44974 -1.49527 -1.63918 1.07248 -0.85982 0.30007 -0.28758 -1.24833 0.00000 0.00000 0.00000 31.00000  
0.75028 -0.30180 -1.16204 -0.22018 -0.10587 0.21910 -0.17277 1.15553 -0.23264 0.00000 0.00000 0.00000 0.00000  
0.49561 0.34914 -0.55111 -0.17964 1.44955 -0.64403 -0.46829 -1.11113 0.98619 2.00000 0.00000 0.00000 0.00000  
1.89626 0.31955 0.05981 -0.13909 0.36547 0.65067 -1.00023 2.09998 1.26246 0.00000 0.00000 0.00000 1.00000  
0.32584 0.43791 0.28197 1.32045 1.07248 -0.05063 -0.17277 -0.33291 -0.15951 1.50000 0.00000 0.00000 3.00000  
0.70783 1.35514 -0.60665 -0.54452 -1.00141 1.29803 0.12276 0.56620 1.25433 2.00000 0.00000 0.00000 0.00000  
-0.52304 -0.42015 0.22643 0.18525 0.03553 0.75857 0.30007 -1.60980 0.12488 2.00000 0.00000 0.00000 1.00000  
-0.31082 -0.92315 0.94843 0.71231 1.02534 -0.53614 -0.52739 -0.38580 0.75868 0.00000 0.00000 0.00000 0.00000  
1.17472 1.82855 -0.99542 0.22579 0.93107 0.86646 0.83201 0.94398 -0.33827 -0.50000 0.00000 0.00000 1.00000  
-0.60793 -1.30780 0.67074 0.06362 -0.81288 -0.15852 0.41828 -0.05335 -1.03707 2.00000 1.00000 0.00000 0.00000  
-0.35326 -0.03551 1.78151 0.91502 2.15656 0.21910 -0.94112 0.08265 0.61242 2.00000 1.00000 0.00000 7.00000  
0.11362 -0.65686 -0.66219 0.06362 2.06229 -1.23744 -1.05933 -2.10091 -0.86643 0.00000 0.00000 0.00000 0.00000  
0.92005 -0.39056 1.33720 1.88805 0.78967 0.16516 -1.05933 -0.05335 2.65193 2.00000 0.00000 1.00000 7.00000  
-0.98992 -1.39656 0.33750 -0.17964 -0.20014 -1.88479 -1.17754 0.80798 -0.60642 0.00000 0.00000 0.00000 0.00000  
0.45317 -0.36098 1.61489 2.17185 0.27120 0.05727 -0.58650 0.45287 1.42497 2.00000 1.00000 0.00000 0.00000  
-0.86259 -1.30780 1.44828 2.00968 0.27120 -1.39928 -1.35486 0.09020 1.11620 2.00000 0.00000 0.00000 1.00000  
-0.90504 -0.62727 -0.44004 0.14471 -2.36829 0.27305 1.42305 -1.88180 -0.84206 1.50000 0.00000 0.75000 0.00000  
0.92005 2.27237 -0.88435 -1.11212 -1.94409 1.13619 0.35917 -0.04580 -0.08638 0.00000 0.00000 0.00000 3.00000  
-0.60793 0.11244 -1.27312 -1.80135 -1.42562 -0.85982 2.36872 -1.21691 -0.32202 2.00000 0.00000 0.00000 1.00000  
-0.73526 -0.24262 -0.27342 -0.54452 0.22407 -0.42825 0.59559 -0.09869 -1.53273 0.00000 0.00000 0.00000 0.00000  
-0.18349 1.44390 -0.99542 -2.04461 -0.53007 0.43489 1.54126 0.52087 -1.50835 2.00000 0.00000 0.00000 0.00000  
-0.26838 -0.95274 0.83735 0.63122 1.49668 -0.21246 0.06365 0.03731 -0.05388 0.00000 0.00000 0.00000 3.00000  
-0.73526 0.52667 0.67074 0.75285 1.02534 0.00332 1.00932 -0.34802 -0.39515 -0.50000 0.00000 0.00000 1.00000  
1.17472 1.38473 -1.77297 -1.72027 -0.86001 -1.18349 0.41828 -0.55958 -0.53329 0.00000 0.00000 0.00000 0.00000  
-0.22593 -0.62727 0.55966 -0.05801 -0.95428 -0.10457 -1.11844 1.83553 0.67742 2.00000 0.00000 0.00000 0.00000  
-0.73526 0.40832 0.55966 -0.58507 -0.24727 0.48883 -0.05456 2.81020 0.53116 2.00000 0.00000 0.00000 1.00000  
-1.03237 -0.62727 2.00366 0.59068 -0.05874 0.70462 0.71380 -1.21691 -0.00513 2.00000 1.00000 1.00000 15.00000  
-1.07481 -0.56809 1.89259 1.40154 1.49668 -0.91376 -0.35008 -0.48402 0.01925 0.00000 0.00000 0.00000 0.00000  
-0.69282 0.82255 1.50382 0.99611 0.74254 -0.15852 1.06843 -0.23469 0.21426 2.00000 0.00000 1.00000 63.00000  
-2.00858 -1.57409 0.33750 0.55014 0.69541 -1.02166 -2.41873 -0.28758 -0.46016 0.00000 0.00000 0.00000 0.00000  
0.79272 0.46749 -0.27342 -0.42289 -0.01160 0.05727 0.53649 -1.17157 -1.24021 0.00000 0.00000 0.00000 1.00000  
-0.48060 -0.53850 1.39274 0.02308 -0.20014 0.65067 -0.46829 0.42265 0.14926 2.00000 0.00000 0.00000 0.00000  
-0.69282 -0.71603 -0.10681 -0.13909 1.02534 -1.18349 0.35917 -0.47646 -0.48453 2.00000 0.00000 0.00000 1.00000  
1.38694 1.82855 -0.88435 -0.54452 -1.33135 1.35197 1.54126 -1.94224 -0.38703 0.00000 0.00000 0.00000 0.00000  
-0.52304 -1.13027 -0.88435 -1.43647 0.22407 -0.21246 1.18663 -0.23469 0.37677 2.00000 0.00000 0.00000 3.00000  
0.02873 -1.01192 0.50412 0.59068 0.03553 0.05727 0.41828 1.18576 -0.34640 0.00000 0.00000 0.00000 0.00000  
0.66539 1.08884 -0.32896 -0.50398 0.08267 1.35197 1.48216 -1.27735 -0.81768 2.00000 0.00000 0.00000 0.00000  
-0.43815 -1.21903 1.78151 0.95556 -2.08549 0.59673 0.06365 0.45287 -0.86643 2.00000 0.00000 1.00000 1.00000  
1.30205 0.97049 0.17089 0.91502 -0.20014 -0.21246 -0.58650 -0.61246 2.45691 2.00000 0.00000 0.00000 7.00000  
0.41073 0.61543 0.33750 0.38796 0.08267 3.24009 -0.35008 0.44531 -1.11832 0.00000 0.00000 0.00000 0.00000  
-0.52304 -0.09468 -1.60635 -1.51755 -1.23708 -0.85982 0.89111 0.88353 0.56366 1.50000 0.00000 0.00000 0.00000  
1.21716 1.62143 -0.66219 -0.01746 -0.53007 1.13619 0.77290 -1.55691 1.09182 0.00000 0.00000 0.00000 3.00000  
0.28339 0.55626 0.78181 0.87448 1.87375 -0.26641 -0.52739 0.41509 -0.08638 2.00000 0.00000 0.00000 1.00000  
-0.90504 0.23079 -0.10681 -0.70669 0.27120 -1.02166 -1.05933 0.25642 -1.39459 0.00000 0.00000 0.00000 0.00000  
