1.99120 2.10637 -0.36127 -0.74350 -0.17099 0.83461 1.49756 0.37786 -0.63133 2.00000 0.00000 1.00000 3.00000  
-0.97793 -0.12370 -0.68032 -0.53018 0.61463 -0.87410 -0.65076 0.36317 -1.47136 0.00000 0.00000 0.00000 0.00000  
1.04862 1.48038 -0.74413 -0.48751 -0.17099 0.04128 1.01876 0.06209 -0.64027 0.00000 0.00000 0.00000 1.00000  
-0.55376 -0.39757 0.34063 0.36579 1.40024 -0.26385 0.36985 -0.23898 -0.24707 2.00000 0.00000 0.00000 0.00000  
-1.16644 -0.94530 1.68063 0.49379 0.40513 0.52949 0.28795 -1.50939 0.23550 2.00000 0.00000 0.00000 1.00000  
-0.45951 -0.39757 -0.16985 -0.57284 -0.43286 -0.81307 -0.51846 1.00205 0.76275 2.00000 0.00000 0.00000 0.00000  
0.38881 1.48038 0.21301 0.79244 0.19563 -0.93513 1.18886 -0.87052 2.00492 2.00000 2.00000 1.00000 15.00000  
0.62446 0.34579 -1.19080 -0.65817 -0.48523 -0.44692 0.13045 -0.56209 0.20869 0.00000 0.00000 0.00000 0.00000  
0.53020 -1.02355 -0.99937 -0.31685 1.45262 -0.56897 0.36985 -0.84114 -0.82794 1.50000 0.00000 0.00000 0.00000  
0.76585 -0.28020 0.40444 -0.01820 1.29549 0.95666 0.35095 0.37786 -0.36324 2.00000 0.00000 0.00000 3.00000  
0.81297 -0.28020 0.53206 0.66445 -0.85185 1.26179 0.27535 1.53812 2.49643 2.00000 0.00000 0.00000 1.00000  
-1.02505 0.15017 -0.87175 -0.61551 -0.43286 -0.93513 -0.92796 -0.33445 0.29806 0.00000 0.00000 0.00000 0.00000  
0.90723 0.46316 1.42539 1.30443 -0.58998 1.81102 0.12415 0.04741 1.16489 0.00000 0.00000 0.00000 1.00000  
-0.03535 -0.74968 0.40444 0.62178 -0.53761 0.59051 -0.53736 -0.12149 0.89680 2.00000 0.00000 0.00000 0.00000  
-0.12960 -1.02355 1.55301 2.66972 0.24801 0.65154 -0.60666 -0.40054 1.16489 2.00000 0.00000 0.00000 7.00000  
0.67159 0.26754 1.74444 2.37106 2.34298 0.52949 -1.75327 0.49535 -0.52410 0.00000 0.00000 0.00000 0.00000  
0.81297 0.61965 0.34063 0.87777 0.87650 0.10231 0.19975 0.59082 0.34274 2.00000 1.00000 1.00000 3.00000  
-2.10902 -1.33654 -0.36127 -0.23152 0.09088 -1.36230 0.13675 0.59082 1.54022 0.00000 0.00000 0.00000 0.00000  
-0.36525 -0.24107 -2.21175 -1.81014 -2.52783 -0.44692 1.55426 -1.42127 -1.78414 2.00000 0.00000 0.00000 1.00000  
-0.88367 -2.15815 1.36158 0.74978 0.24801 -0.69102 -0.41136 0.57613 -0.31856 2.00000 1.00000 0.00000 0.00000  
0.90723 1.55863 -0.87175 -0.70084 1.40024 -0.08077 -0.18455 -1.20097 -1.23008 0.00000 1.00000 0.00000 7.00000  
-0.08248 -1.25830 0.21301 -0.23152 -0.01386 0.22436 -1.72177 1.36922 1.18277 0.00000 0.00000 0.00000 0.00000  
0.10604 0.69790 1.29777 1.81641 0.61463 -0.44692 0.46435 -0.62084 0.78956 2.00000 1.00000 0.00000 1.00000  
1.99120 0.77615 0.65968 1.17643 1.19074 1.32282 -0.72636 -0.37851 1.47767 0.00000 0.00000 0.00000 0.00000  
-0.74228 -0.78881 0.85111 -0.27419 -0.48523 0.04128 0.61555 0.67160 -0.21132 2.00000 0.00000 0.00000 1.00000  
0.43594 0.34579 0.40444 -0.40218 0.45750 1.38384 -0.14675 2.27245 0.95042 2.00000 0.00000 0.00000 0.00000  
-0.88367 -1.06268 1.68063 1.43242 0.24801 -0.69102 0.51475 -0.02603 1.43299 2.00000 1.00000 1.00000 63.00000  
-0.08248 1.67600 -2.27556 -0.91417 -0.22336 0.28538 0.75415 -1.39924 -0.75644 0.00000 0.00000 0.00000 0.00000  
-0.17673 -0.20195 -0.48889 -0.06086 -0.74710 0.65154 1.08176 0.20162 0.59296 1.50000 0.00000 0.00000 1.00000  
-0.69515 -0.90618 -1.12699 -1.98080 -1.74221 -1.24025 1.24556 -1.62688 -1.38200 2.00000 0.00000 0.00000 0.00000  
0.71872 -0.59319 0.53206 0.49379 -1.21847 -0.38590 0.94316 -0.31242 0.55721 0.00000 1.00000 0.00000 3.00000  
-0.97793 1.08914 0.02158 -0.10353 1.66211 -1.48435 -1.12956 -0.37116 -1.81095 0.00000 0.00000 0.00000 0.00000  
2.93378 1.08914 -0.04223 1.00577 0.40513 2.23820 -0.57516 0.93596 0.11039 2.00000 2.00000 1.00000 7.00000  
-2.29754 -0.16282 0.14920 -0.10353 -0.22336 -2.64384 0.38875 -0.94395 -0.28281 0.00000 0.00000 0.00000 0.00000  
0.43594 -1.10180 -0.29747 -0.44485 -0.01386 0.77359 -0.06485 1.07548 -0.22026 -0.50000 0.00000 0.00000 0.00000  
0.76585 1.08914 -0.99937 -0.61551 -1.74221 1.44487 -0.10265 -0.81177 0.53934 2.00000 0.00000 0.00000 1.00000  
0.24743 0.42403 -0.55270 0.28046 1.71449 -0.50795 -0.37356 -1.02473 0.73594 2.00000 0.00000 0.00000 0.00000  
0.53020 1.59775 -1.70127 -1.29815 -1.42797 0.46846 1.18256 -0.40054 0.08358 1.50000 0.00000 1.00000 3.00000  
0.01178 0.07192 0.53206 0.15247 -1.63747 1.99410 -0.29796 1.86857 0.81637 2.00000 0.00000 0.00000 0.00000  
0.34168 -0.74968 1.29777 0.53645 -0.22336 -1.17923 -1.59577 1.42796 -0.72964 0.00000 0.00000 0.00000 1.00000  
1.23713 0.03280 -1.06318 -1.08483 -1.06135 0.52949 -0.54366 -0.39320 0.37849 2.00000 0.00000 0.00000 0.00000  
-0.78941 -0.00633 -0.55270 -1.81014 -0.17099 -0.01974 0.62815 1.36922 -0.30962 0.00000 0.00000 0.00000 15.00000  
-0.17673 0.30666 -0.48889 -0.44485 -0.43286 0.95666 1.39676 -0.28304 0.09252 2.00000 0.00000 0.00000 1.00000  
-2.25041 -0.43669 -0.23366 -0.18886 -0.90423 -1.78948 -1.57687 0.73769 0.52147 0.00000 0.00000 0.00000 0.00000  
-0.31812 -0.82793 0.46825 0.02447 1.03362 -0.44692 -0.26016 -0.09946 -2.20415 2.00000 0.00000 0.00000 0.00000  
-0.74228 -1.14092 0.46825 1.17643 -0.48523 -1.05718 -2.25097 1.54546 1.53129 2.00000 1.00000 0.00000 3.00000  
0.67159 1.28476 -0.55270 0.28046 1.34787 1.50589 1.17626 -1.52408 -0.30069 2.00000 0.00000 0.00000 1.00000  
-0.88367 0.07192 -1.06318 -0.74350 -1.11372 0.22436 0.28165 0.01803 -0.40792 0.00000 0.00000 0.00000 0.00000  
1.04862 1.20651 1.55301 1.51775 0.45750 1.93307 0.56515 -1.36252 -0.52410 2.00000 0.00000 0.00000 1.00000  
0.15317 -1.02355 0.14920 -0.10353 0.87650 0.22436 -1.55797 1.91997 0.44998 0.00000 0.00000 0.00000 0.00000  
-0.27099 0.07192 -0.61651 -0.57284 0.19563 -1.05718 0.89906 -0.46663 -2.17734 0.00000 0.00000 0.00000 31.00000  
-0.50664 -1.18005 2.38254 1.68841 -0.95660 0.16333 0.10525 0.11350 0.29806 0.00000 0.00000 0.00000 0.00000  
-0.64802 0.61965 1.80825 0.74978 0.30038 -0.01974 -1.52017 -0.23898 0.67339 2.00000 0.00000 0.00000 1.00000  
0.86010 0.34579 -0.61651 0.53645 0.77175 0.34641 0.46435 -1.33315 -0.67602 0.00000 0.00000 0.00000 0.00000  
-0.31812 0.46316 -0.80794 -1.76747 -1.42797 -0.63000 3.25528 -2.36122 -0.77432 2.00000 0.00000 0.00000 3.00000  
0.57733 0.85440 0.85111 0.06714 0.66700 1.32282 -0.85236 2.25777 -0.49729 0.00000 0.00000 0.00000 0.00000  
0.15317 -1.14092 -0.55270 -1.46881 1.03362 -0.87410 0.07375 0.98002 -1.08709 2.00000 0.00000 0.00000 0.00000  
1.28426 0.26754 -0.29747 0.49379 1.24312 0.65154 -0.56256 0.53207 -0.21132 0.00000 0.00000 0.00000 1.00000  
0.01178 0.11104 -0.10604 1.04844 1.55736 0.16333 0.98096 0.89190 0.13720 -0.50000 1.00000 0.00000 3.00000  
1.28426 1.87162 -0.42508 -1.59681 0.35276 0.10231 0.44545 0.06944 -1.38200 0.00000 0.00000 0.00000 0.00000  
0.20030 -1.18005 0.02158 0.45112 0.30038 0.22436 -1.50127 -0.87786 1.59384 0.00000 0.00000 0.00000 1.00000  
-0.93080 -0.24107 0.08539 0.32313 -0.48523 0.34641 -0.44916 -0.22430 0.70913 2.00000 0.00000 0.00000 0.00000  
0.48307 -0.12370 0.85111 0.53645 -0.85185 -0.32487 0.08635 -0.57678 -0.42580 2.00000 0.00000 0.00000 7.00000  
0.20030 0.61965 -1.95651 -1.55414 -0.38048 0.16333 -1.00986 0.45864 0.14614 0.00000 0.00000 0.00000 0.00000  
 
