0.68248 0.54816 0.61065 1.32447 0.26655 -0.45625 0.86079 -0.49624 3.91546 2.00000 3.00000 0.00000 0.21011 2.16227 -1.12070 0.08233 1.47570 0.24870 -1.50460 0.51423 63.00000  
-2.43168 -1.59290 0.67463 -0.22585 0.02781 -1.67291 -1.68491 -1.16193 0.21348 0.00000 0.00000 0.00000 0.27247 -0.31688 0.31823 -0.75255 -1.15975 -0.61327 -1.08023 0.41493 0.00000  
0.51993 0.82474 -0.41306 -0.57206 -0.40340 0.26269 0.13462 -0.86607 -0.79472 2.00000 1.00000 0.00000 -0.06104 -0.69492 -1.32616 1.40905 1.44933 -1.04094 0.77338 -0.25817 1.00000  
-0.45600 -0.81212 0.54667 1.13325 -1.33895 -0.29034 -0.25826 -0.91538 2.43467 2.00000 2.00000 0.00000 -0.96439 0.97540 -1.64429 -1.33824 1.59832 -1.60186 -0.34551 -0.40001 0.00000  
0.97470 0.51054 -0.41306 -0.20185 -0.33829 0.37330 0.41761 -0.53734 0.09533 0.00000 0.00000 0.00000 -0.79424 0.85008 -0.89314 1.60188 -0.07566 1.26473 -0.46192 0.22091 0.00000  
-1.43070 -0.59440 0.61065 -0.05330 -0.55516 -1.06458 0.65941 3.07875 -0.08583 0.00000 0.00000 0.00000 -0.35670 -0.18955 3.08886 -1.18429 -0.96821 -0.72367 -0.60662 1.02748 1.00000  
1.17854 2.62126 -0.41306 0.44499 2.06408 -0.40095 -0.10578 -0.42228 -0.36151 2.00000 0.00000 0.00000 1.62147 -0.42995 -0.03217 -0.07386 -0.24715 1.55913 -0.78024 1.25276 3.00000  
-0.26305 -0.89909 2.01824 2.24178 1.92440 -0.06913 -0.98081 -0.08533 0.32375 0.00000 0.00000 0.00000 2.92384 -0.48964 -0.07818 0.40411 -0.04055 -1.53254 -0.62195 -0.77031 0.00000  
0.63906 0.58571 0.09880 -0.40638 -0.88948 1.97708 -0.39953 1.18852 0.72545 -0.50000 0.00000 0.00000 -0.67997 0.22434 0.17476 0.22123 -0.08620 -0.90183 2.24203 0.32989 0.00000  
-0.77625 -0.47213 -0.98889 -1.54899 0.47213 -1.34110 -0.15380 -0.86607 -0.44028 0.00000 0.00000 0.00000 0.86358 -0.14398 -0.84425 0.73267 0.10153 -0.80576 -1.14169 0.64811 1.00000  
0.40835 0.73191 0.48268 1.19299 -0.09605 0.48390 -0.93393 0.56392 0.78847 2.00000 0.00000 0.00000 -0.53222 -0.25304 0.34621 -0.75481 0.25786 1.24645 0.25260 -1.15295 7.00000  
0.83600 1.27376 -0.60500 -1.14842 0.35847 -1.28579 1.57946 -1.16193 0.00081 0.00000 0.00000 0.00000 0.20249 -1.39132 -0.59775 0.76432 0.68429 0.53965 -0.36647 0.26146 0.00000  
-0.81471 -0.86784 -0.73296 -1.14114 -0.25434 0.20739 1.39659 -1.44136 -0.31425 2.00000 0.00000 0.00000 -0.22456 0.47988 -1.46548 -0.46993 1.64158 -0.14604 1.78869 -0.61119 0.00000  
-0.65375 -0.19571 -0.41306 -0.77278 0.11762 -0.29034 0.15524 -0.66061 0.01656 1.50000 0.00000 0.00000 0.38600 0.58079 -0.92432 0.21400 -0.68986 -0.63939 -0.47200 -1.77728 3.00000  
0.55043 0.69728 0.29074 0.33133 1.06095 -0.89867 0.62463 -0.57021 0.16622 2.00000 1.00000 0.00000 1.33929 -0.18729 -0.77573 -0.57617 0.21511 -0.34318 -1.52382 1.69885 0.00000  
-0.19131 -0.00968 -0.28509 -0.92737 0.29983 -0.45625 1.03260 0.67898 -0.62144 0.00000 0.00000 0.00000 -0.34552 -0.19151 0.35311 0.37095 -0.06435 1.93694 -1.04892 -1.33667 1.00000  
0.46728 0.38197 0.29074 0.93794 -0.15381 0.64981 -0.48704 0.42421 0.42615 2.00000 0.00000 1.00000 0.01915 1.55356 -0.37695 1.12318 -0.23192 -0.49593 0.90312 -0.33667 3.00000  
0.64675 0.44731 0.29074 0.25640 2.31047 0.37330 -1.44384 -0.71814 -0.40877 0.00000 0.00000 0.00000 2.29460 -1.03781 -0.94952 -1.21444 2.12289 0.61831 -0.14025 -0.06679 0.00000  
1.05930 0.46511 -1.24482 -1.15810 0.58104 0.37330 0.05331 0.82691 1.46585 0.00000 0.00000 0.00000 0.56190 1.44864 -0.06873 -0.50931 -1.05791 0.23728 -0.05819 -0.07755 0.00000  
0.22124 0.45904 -0.02917 -0.83306 -0.71755 0.98163 0.47664 0.05439 -0.57418 1.50000 0.00000 0.00000 -0.81840 0.76073 1.23102 0.69769 -0.88386 0.07183 0.56059 1.58155 1.00000  
0.53318 1.00236 -0.15713 0.02848 0.06205 1.25814 -0.64153 0.00508 -0.43240 -0.50000 0.00000 0.00000 0.07472 1.09338 0.31723 1.12872 0.18460 0.00386 2.13440 -0.76911 1.00000  
0.40337 0.11108 -0.02917 -0.01935 0.35484 -0.06913 -0.09958 0.17766 -0.85773 0.00000 0.00000 0.00000 0.92475 -0.34734 0.54177 -0.25261 1.11800 -1.26718 0.00842 -0.44839 0.00000  
-1.39842 -1.48753 1.05852 0.67301 -0.64219 -0.17973 -1.39861 1.78846 0.81997 2.00000 0.00000 1.00000 -0.41894 1.61726 1.26178 -1.11916 -0.36185 -0.82884 0.36613 -0.34506 15.00000  
-0.04945 -0.49124 0.73861 0.31837 0.09484 -0.17973 0.81851 -1.07153 -0.29850 0.00000 0.00000 0.00000 -0.50361 -0.32605 -1.40103 1.32443 -1.57784 1.77261 -0.89933 1.59018 0.00000  
1.17938 1.74221 -0.34908 0.28709 1.59405 -0.62216 -1.17780 1.22139 0.29224 0.00000 0.00000 0.00000 1.57146 0.25169 1.60405 -1.52154 -0.42756 0.48918 -0.96336 1.09291 1.00000  
0.72326 1.68133 -2.07658 -1.76932 1.40410 -1.00928 -0.27222 -1.30164 -1.51149 -0.50000 0.00000 0.00000 0.84831 -1.66142 -0.92546 0.27327 -1.23722 1.77982 -0.91884 -0.76957 0.00000  
-0.23005 -0.60486 0.22676 0.18836 0.55794 1.47935 -0.00023 1.54191 -0.25124 2.00000 0.00000 0.00000 0.52935 0.36463 1.45341 -1.96463 0.37298 0.25532 1.86303 -1.79622 3.00000  
0.28471 -0.23112 -0.28509 -1.16520 -0.47693 1.58996 0.49158 1.24605 0.35526 0.00000 0.00000 0.00000 -0.48364 -0.34260 0.42391 1.41537 -0.40947 -0.12073 1.27030 -1.48923 0.00000  
1.19245 1.17117 0.03481 -0.01863 -1.14057 0.48390 1.14549 -0.37297 -0.43240 2.00000 1.00000 0.00000 -1.26204 -0.97274 -0.34696 -0.18266 0.45070 -0.01528 0.34976 -0.17834 7.00000  
-0.19044 -0.60513 -2.14056 -1.91614 -0.48835 -1.00928 0.04995 -0.34010 -0.79472 2.00000 0.00000 0.00000 -0.66626 1.00326 0.30622 1.73202 0.36914 0.37532 -0.19085 1.96489 0.00000  
2.28933 1.35449 -1.43676 -1.09376 0.29182 1.14754 1.71318 1.04881 -0.78685 2.00000 0.00000 1.00000 -0.26623 -1.30372 0.51762 -0.42753 1.14983 1.67152 0.57402 -0.31669 0.00000  
-0.63930 -1.38521 0.09880 -0.27093 0.24881 -1.17519 -1.39210 -0.01958 0.70182 0.00000 0.00000 0.00000 1.00132 0.53731 -0.37946 -0.82829 -0.83442 -1.72647 -1.30014 0.79642 1.00000  
0.17172 -0.32663 0.80259 0.81160 -1.54149 0.92632 1.51149 2.19938 2.57645 2.00000 1.00000 0.00000 -1.51368 1.13549 2.10806 -2.82315 0.63964 -0.66399 0.47216 -2.90746 7.00000  
0.43351 -0.24315 -0.22111 -0.39987 2.57714 1.36875 -0.18823 1.27070 -0.90499 0.00000 0.00000 0.00000 2.03076 -2.01314 0.78526 -1.48494 -0.62260 1.85212 0.93165 -1.62852 0.00000  
-0.77473 -0.42641 1.76231 2.15309 0.20493 0.20739 -1.31358 -0.63596 0.78059 2.00000 0.00000 0.00000 0.82673 0.37530 1.45533 -0.81277 -1.72686 -1.45121 0.66503 -0.40520 1.00000  
-1.86191 0.02016 -0.09315 0.62197 0.50489 -0.17973 1.26892 -0.95647 0.19772 0.00000 0.00000 0.00000 0.27833 -1.58875 0.34462 0.70269 -1.31453 0.76391 -2.17202 0.47241 0.00000  
0.90452 1.15078 -0.66898 -0.48386 -0.04919 -0.62216 -0.63662 -0.79211 0.18985 2.00000 0.00000 1.00000 0.12852 0.01022 -0.62852 -0.57378 0.77871 -0.46964 -0.70632 1.02847 1.00000  
0.38881 0.00340 -1.88463 -1.00830 1.13505 -0.67746 -0.97472 -0.76745 0.59155 0.00000 0.00000 0.00000 0.79680 0.75254 -0.32779 1.40571 0.77405 1.17663 0.74235 0.81413 0.00000  
-0.66119 0.18618 -1.11685 -1.17060 -1.26834 -1.34110 1.90712 -1.41670 -0.26699 2.00000 0.00000 0.00000 -1.67075 2.07109 -1.02128 0.92005 0.60528 0.88405 -0.54690 2.29794 3.00000  
0.50536 0.92656 -1.50074 -1.95837 0.22697 -0.17973 0.09063 0.16123 -0.13309 0.00000 0.00000 0.00000 0.18356 0.75578 0.72117 -0.31251 -1.21152 0.20284 0.12836 1.65907 0.00000  
-1.26847 -0.41380 1.31444 0.64250 -2.39268 -0.62216 1.28448 0.97484 0.60731 2.00000 0.00000 0.00000 -2.03894 0.23441 0.53990 -1.40596 1.47293 -2.24414 -0.76494 -0.96532 3.00000  
-1.00076 -0.94062 1.25046 1.42479 0.98775 -0.95398 0.03657 -0.09354 -0.14097 2.00000 0.00000 0.00000 0.87514 -0.09030 -0.16309 -1.16888 -1.78439 0.57343 -1.15702 0.55591 0.00000  
-0.02603 -0.06825 0.22676 0.53474 -0.81903 -1.23049 -2.52795 0.64611 1.67064 2.00000 0.00000 1.00000 -0.80967 1.27096 0.68027 -0.73943 -0.27196 -0.29365 -1.53085 0.61083 1.00000  
-0.18949 -0.47817 -0.73296 0.99013 1.25936 -0.17973 -1.48788 0.07904 -0.62144 1.50000 1.00000 0.75000 0.80278 -0.12435 -0.65495 0.14687 -0.92274 1.50289 0.46775 -0.86899 0.00000  
0.72304 0.73972 -0.28509 0.05148 1.56485 -0.23504 -0.59465 -0.10176 -0.41665 0.00000 0.00000 0.00000 1.72130 0.04474 -0.47792 0.86059 1.29530 0.07393 -0.01904 0.67977 1.00000  
-1.02149 -1.77548 2.27417 2.17696 -0.59195 0.26269 -0.29677 -0.35653 -0.99164 2.00000 0.00000 0.00000 -0.18165 -1.16163 -0.16076 0.16470 0.35307 -1.30485 0.36014 0.07897 0.00000  
0.38093 -0.99353 0.16278 0.59733 -0.53633 0.59451 0.74206 0.32559 -0.66870 2.00000 0.00000 0.00000 -0.43005 0.12547 1.01049 1.99449 0.86883 -0.46155 -0.20735 0.84803 15.00000  
-1.46360 -0.46694 1.18648 1.56421 0.82095 -1.17519 -1.03591 0.69542 0.46553 0.00000 0.00000 0.00000 0.85851 -0.44138 0.61225 -0.84412 -1.34728 0.15937 -0.67290 0.06787 0.00000  
-0.55117 -0.53067 2.65806 2.03678 -0.48664 1.92178 1.35364 -0.09354 1.55249 2.00000 4.00000 0.00000 -0.19172 0.68043 -0.97362 1.11657 2.18148 -0.95349 0.65512 1.06044 7.00000  
-0.73650 -0.30890 -0.22111 0.03461 0.08431 -0.45625 -0.37255 -0.57021 -1.13341 0.00000 0.00000 0.00000 -0.23141 0.36817 -0.24649 0.25486 -0.02770 0.92366 0.29414 1.16562 0.00000  
2.49270 2.32834 -1.24482 -0.80438 0.23439 2.08769 0.34127 -1.76187 -1.19643 0.00000 0.00000 0.00000 0.03214 -1.14077 -2.34910 1.55882 0.71060 0.63622 1.93665 -0.15428 1.00000  
-0.89266 -2.35722 -0.41306 -0.20793 -0.45088 -1.00928 -0.84317 0.30916 0.26861 2.00000 0.00000 0.00000 -0.52637 1.37264 0.40889 -0.29710 -1.11925 0.08575 -0.71517 -0.07541 0.00000  
0.72010 1.57760 -0.60500 -0.70654 -0.88702 0.81572 0.31372 0.24341 0.26861 1.50000 0.00000 0.00000 -1.04464 -0.78918 -0.55265 -0.35372 0.01279 0.18841 0.44871 0.68854 0.00000  
-1.19810 -1.48508 1.57037 0.01633 -0.93386 -1.67291 -2.14132 -0.79211 -0.66870 2.00000 0.00000 0.00000 -1.00796 1.01192 -0.80764 -0.16360 0.22946 -0.08623 -0.07309 -1.33030 1.00000  
0.78302 -0.07700 -1.88463 -1.89148 -1.84606 -0.78807 0.60354 -1.56463 -1.29095 2.00000 0.00000 0.00000 -2.13655 -0.90519 -0.18833 -0.05347 0.59816 0.29813 -0.39916 0.21925 0.00000  
-0.89132 -0.72904 0.80259 0.39612 -0.75990 -0.51155 -0.47044 2.01036 -0.69233 0.00000 0.00000 0.00000 -0.49988 -0.23568 2.79100 -1.12547 -2.09174 -0.98263 -0.46454 -0.59908 3.00000  
-0.42950 -0.59833 -0.60500 -0.91963 -0.62587 0.04148 -0.08583 -0.15929 -1.52724 -0.50000 0.00000 0.00000 -0.58316 0.02721 -0.77359 1.21345 0.88650 -0.31639 -1.39938 -0.40409 0.00000  
-0.20129 0.01308 0.41870 0.55222 -0.62323 1.03693 -0.02530 -0.01958 0.18985 2.00000 0.00000 0.00000 -0.63889 -0.30855 -0.88397 -0.09904 0.11751 -0.14698 1.04048 0.78606 3.00000  
-0.16847 -0.40173 -0.02917 0.48732 -0.09808 -0.23504 -0.38774 -0.57843 0.78059 2.00000 0.00000 0.00000 0.09092 1.60327 -0.08498 0.21434 -0.61795 -0.51713 0.11422 -1.03734 1.00000  
1.54251 0.88207 0.03481 0.14146 0.29276 1.81117 0.59904 0.39134 -1.20430 0.00000 0.00000 0.00000 0.05480 -0.48149 0.11770 -0.47635 -0.57198 0.74855 1.53903 -0.64350 0.00000  
0.75884 -0.35473 -0.47704 0.64875 0.28672 -0.95398 0.29356 -1.06331 -1.17280 0.00000 0.00000 0.00000 0.13589 -0.73072 -0.96933 1.45534 0.78737 0.50797 1.17487 0.13471 0.00000  
-0.10747 0.73198 -0.09315 -0.83144 -1.48530 -0.23504 2.75243 -0.31544 -0.45603 2.00000 0.00000 0.00000 -1.03563 -1.64763 -0.37686 0.04237 -0.23935 -1.90225 -0.35130 -0.55562 1.00000  
0.90800 0.09951 -0.22111 0.17012 0.21133 0.81572 -0.37348 0.37490 1.43435 2.00000 1.00000 0.00000 0.44166 1.17923 0.05265 0.77189 -0.26186 -0.50970 0.75578 -0.40123 31.00000  
-1.07788 -2.00812 0.29074 0.35589 1.27559 -0.62216 -0.21169 0.47352 0.63881 0.00000 0.00000 0.00000 1.06350 -1.82070 0.82365 -0.67658 -1.14285 0.88034 -0.76828 -1.19788 0.00000  
 
 
 
 
 
 
 
 
